9.999999999955878627e-01 2.970573599995630938e-06 0.000000000000000000e+00 -5.000000000000000000e+00 -2.970573599995630938e-06 9.999999999955878627e-01 0.000000000000000000e+00 -8.000000000000000000e+00 0.000000000000000000e+00 0.000000000000000000e+00 1.000000000000000000e+00 0.000000000000000000e+00
9.974615869951614089e-01 -7.120661815515520743e-02 0.000000000000000000e+00 -4.602236000000000438e+00 7.120661815515520743e-02 9.974615869951614089e-01 0.000000000000000000e+00 -8.008513000000000659e+00 0.000000000000000000e+00 0.000000000000000000e+00 1.000000000000000000e+00 0.000000000000000000e+00
9.895513243154453464e-01 -1.441810547386455088e-01 0.000000000000000000e+00 -4.205612999999999602e+00 1.441810547386455088e-01 9.895513243154453464e-01 0.000000000000000000e+00 -7.984981999999999580e+00 0.000000000000000000e+00 0.000000000000000000e+00 1.000000000000000000e+00 0.000000000000000000e+00
9.590147621697688862e-01 -2.833561115283408371e-01 0.000000000000000000e+00 -3.882380700000000129e+00 2.833561115283408371e-01 9.590147621697688862e-01 0.000000000000000000e+00 -7.880720000000000169e+00 0.000000000000000000e+00 0.000000000000000000e+00 1.000000000000000000e+00 0.000000000000000000e+00
9.220902320061448165e-01 -3.869749398072879210e-01 0.000000000000000000e+00 -3.572889800000000005e+00 3.869749398072879210e-01 9.220902320061448165e-01 0.000000000000000000e+00 -7.713829500000000117e+00 0.000000000000000000e+00 0.000000000000000000e+00 1.000000000000000000e+00 0.000000000000000000e+00
8.524101586030368161e-01 -5.228737146867737939e-01 0.000000000000000000e+00 -3.110996200000000211e+00 5.228737146867737939e-01 8.524101586030368161e-01 0.000000000000000000e+00 -7.550177999999999834e+00 0.000000000000000000e+00 0.000000000000000000e+00 1.000000000000000000e+00 0.000000000000000000e+00
8.720580266014463788e-01 -4.894024910439166987e-01 0.000000000000000000e+00 -2.734269100000000119e+00 4.894024910439166987e-01 8.720580266014463788e-01 0.000000000000000000e+00 -7.154171999999999976e+00 0.000000000000000000e+00 0.000000000000000000e+00 1.000000000000000000e+00 0.000000000000000000e+00
8.617361414736334213e-01 -5.073567014223169247e-01 0.000000000000000000e+00 -2.336489700000000003e+00 5.073567014223169247e-01 8.617361414736334213e-01 0.000000000000000000e+00 -6.888268000000000058e+00 0.000000000000000000e+00 0.000000000000000000e+00 1.000000000000000000e+00 0.000000000000000000e+00
7.767952957832743310e-01 -6.297531805786893422e-01 0.000000000000000000e+00 -2.005541299999999971e+00 6.297531805786893422e-01 7.767952957832743310e-01 0.000000000000000000e+00 -6.614338000000000051e+00 0.000000000000000000e+00 0.000000000000000000e+00 1.000000000000000000e+00 0.000000000000000000e+00
7.100301514682966220e-01 -7.041712746242264620e-01 0.000000000000000000e+00 -1.595957800000000093e+00 7.041712746242264620e-01 7.100301514682966220e-01 0.000000000000000000e+00 -6.323108699999999693e+00 0.000000000000000000e+00 0.000000000000000000e+00 1.000000000000000000e+00 0.000000000000000000e+00
6.733971735005791492e-01 -7.392808983880423401e-01 0.000000000000000000e+00 -1.349390000000000089e+00 7.392808983880423401e-01 6.733971735005791492e-01 0.000000000000000000e+00 -5.926188999999999929e+00 0.000000000000000000e+00 0.000000000000000000e+00 1.000000000000000000e+00 0.000000000000000000e+00
7.597923184499422167e-01 -6.501658502447368315e-01 0.000000000000000000e+00 -1.035722699999999996e+00 6.501658502447368315e-01 7.597923184499422167e-01 0.000000000000000000e+00 -5.682745999999999853e+00 0.000000000000000000e+00 0.000000000000000000e+00 1.000000000000000000e+00 0.000000000000000000e+00
7.292088153407406681e-01 -6.842912418183895173e-01 0.000000000000000000e+00 -7.739423500000000011e-01 6.842912418183895173e-01 7.292088153407406681e-01 0.000000000000000000e+00 -5.336858999999999575e+00 0.000000000000000000e+00 0.000000000000000000e+00 1.000000000000000000e+00 0.000000000000000000e+00
6.885184217781912253e-01 -7.252188517075854879e-01 0.000000000000000000e+00 -2.596972000000000169e-01 7.252188517075854879e-01 6.885184217781912253e-01 0.000000000000000000e+00 -5.069905000000000328e+00 0.000000000000000000e+00 0.000000000000000000e+00 1.000000000000000000e+00 0.000000000000000000e+00
5.443138445621007460e-01 -8.388816594836396856e-01 0.000000000000000000e+00 -1.528443399999999952e-01 8.388816594836396856e-01 5.443138445621007460e-01 0.000000000000000000e+00 -4.741836499999999788e+00 0.000000000000000000e+00 0.000000000000000000e+00 1.000000000000000000e+00 0.000000000000000000e+00
5.366647366283475717e-01 -8.437955679307792556e-01 0.000000000000000000e+00 1.507000199999999901e-01 8.437955679307792556e-01 5.366647366283475717e-01 0.000000000000000000e+00 -4.328070600000000212e+00 0.000000000000000000e+00 0.000000000000000000e+00 1.000000000000000000e+00 0.000000000000000000e+00
4.237220245253018325e-01 -9.057922752663435384e-01 0.000000000000000000e+00 3.971458999999999961e-01 9.057922752663435384e-01 4.237220245253018325e-01 0.000000000000000000e+00 -4.131485500000000144e+00 0.000000000000000000e+00 0.000000000000000000e+00 1.000000000000000000e+00 0.000000000000000000e+00
4.030046355879736142e-01 -9.151979368937653847e-01 0.000000000000000000e+00 5.612314000000000469e-01 9.151979368937653847e-01 4.030046355879736142e-01 0.000000000000000000e+00 -3.543705000000000105e+00 0.000000000000000000e+00 0.000000000000000000e+00 1.000000000000000000e+00 0.000000000000000000e+00
4.703785754315910062e-01 -8.824647277795000244e-01 0.000000000000000000e+00 8.565549999999999553e-01 8.824647277795000244e-01 4.703785754315910062e-01 0.000000000000000000e+00 -3.184001700000000046e+00 0.000000000000000000e+00 0.000000000000000000e+00 1.000000000000000000e+00 0.000000000000000000e+00
4.627033744488595612e-01 -8.865131624931682497e-01 0.000000000000000000e+00 8.558307000000000553e-01 8.865131624931682497e-01 4.627033744488595612e-01 0.000000000000000000e+00 -2.827051599999999887e+00 0.000000000000000000e+00 0.000000000000000000e+00 1.000000000000000000e+00 0.000000000000000000e+00
3.421641720057440605e-01 -9.396401861327683402e-01 0.000000000000000000e+00 9.866365999999999747e-01 9.396401861327683402e-01 3.421641720057440605e-01 0.000000000000000000e+00 -2.905202200000000179e+00 0.000000000000000000e+00 0.000000000000000000e+00 1.000000000000000000e+00 0.000000000000000000e+00
2.270114631636593050e-01 -9.738920862150459712e-01 0.000000000000000000e+00 9.576584999999999681e-01 9.738920862150459712e-01 2.270114631636593050e-01 0.000000000000000000e+00 -2.607308000000000181e+00 0.000000000000000000e+00 0.000000000000000000e+00 1.000000000000000000e+00 0.000000000000000000e+00
1.043366893344891827e-01 -9.945420329270745485e-01 0.000000000000000000e+00 9.399528000000000327e-01 9.945420329270745485e-01 1.043366893344891827e-01 0.000000000000000000e+00 -2.110657499999999853e+00 0.000000000000000000e+00 0.000000000000000000e+00 1.000000000000000000e+00 0.000000000000000000e+00
-1.132469028266838013e-01 -9.935668769640841891e-01 0.000000000000000000e+00 8.483003000000000071e-01 9.935668769640841891e-01 -1.132469028266838013e-01 0.000000000000000000e+00 -1.701949200000000051e+00 0.000000000000000000e+00 0.000000000000000000e+00 1.000000000000000000e+00 0.000000000000000000e+00
-2.744653664659072456e-01 -9.615969855457822124e-01 0.000000000000000000e+00 7.705920299999999834e-01 9.615969855457822124e-01 -2.744653664659072456e-01 0.000000000000000000e+00 -1.272855400000000081e+00 0.000000000000000000e+00 0.000000000000000000e+00 1.000000000000000000e+00 0.000000000000000000e+00
-4.127762251451634889e-01 -9.108324697522093283e-01 0.000000000000000000e+00 5.606063599999999703e-01 9.108324697522093283e-01 -4.127762251451634889e-01 0.000000000000000000e+00 -9.697902999999999940e-01 0.000000000000000000e+00 0.000000000000000000e+00 1.000000000000000000e+00 0.000000000000000000e+00
-5.614464163607346681e-01 -8.275130944919775189e-01 0.000000000000000000e+00 2.998065400000000102e-01 8.275130944919775189e-01 -5.614464163607346681e-01 0.000000000000000000e+00 -8.065634400000000204e-01 0.000000000000000000e+00 0.000000000000000000e+00 1.000000000000000000e+00 0.000000000000000000e+00
-6.456968112355190303e-01 -7.635938894204710170e-01 0.000000000000000000e+00 1.025590150000000034e-01 7.635938894204710170e-01 -6.456968112355190303e-01 0.000000000000000000e+00 -6.372138999999999998e-01 0.000000000000000000e+00 0.000000000000000000e+00 1.000000000000000000e+00 0.000000000000000000e+00
-8.021037282281892056e-01 -5.971847362101941892e-01 0.000000000000000000e+00 -2.369148399999999877e-01 5.971847362101941892e-01 -8.021037282281892056e-01 0.000000000000000000e+00 -3.818488700000000069e-01 0.000000000000000000e+00 0.000000000000000000e+00 1.000000000000000000e+00 0.000000000000000000e+00
-8.973034032088497147e-01 -4.414143207801673463e-01 0.000000000000000000e+00 -6.455262299999999787e-01 4.414143207801673463e-01 -8.973034032088497147e-01 0.000000000000000000e+00 -6.992797600000000280e-02 0.000000000000000000e+00 0.000000000000000000e+00 1.000000000000000000e+00 0.000000000000000000e+00
9.251376365992458606e-01 3.796318655586773949e-01 0.000000000000000000e+00 -9.647864999999999913e-01 -3.796318655586773949e-01 9.251376365992458606e-01 0.000000000000000000e+00 5.290246800000000110e-02 0.000000000000000000e+00 0.000000000000000000e+00 1.000000000000000000e+00 0.000000000000000000e+00
9.589786122967347559e-01 2.834784315559632506e-01 0.000000000000000000e+00 -1.490602699999999947e+00 -2.834784315559632506e-01 9.589786122967347559e-01 0.000000000000000000e+00 1.776575900000000041e-01 0.000000000000000000e+00 0.000000000000000000e+00 1.000000000000000000e+00 0.000000000000000000e+00
9.749475803922524886e-01 2.224347443348102804e-01 0.000000000000000000e+00 -1.897387900000000016e+00 -2.224347443348102804e-01 9.749475803922524886e-01 0.000000000000000000e+00 2.630488599999999955e-01 0.000000000000000000e+00 0.000000000000000000e+00 1.000000000000000000e+00 0.000000000000000000e+00
9.999971716175668490e-01 2.378393757661755297e-03 0.000000000000000000e+00 -2.134617599999999893e+00 -2.378393757661755297e-03 9.999971716175668490e-01 0.000000000000000000e+00 3.985629399999999767e-01 0.000000000000000000e+00 0.000000000000000000e+00 1.000000000000000000e+00 0.000000000000000000e+00
9.816257366520981797e-01 -1.908164383438326339e-01 0.000000000000000000e+00 -2.572608999999999924e+00 1.908164383438326339e-01 9.816257366520981797e-01 0.000000000000000000e+00 1.839856800000000125e-01 0.000000000000000000e+00 0.000000000000000000e+00 1.000000000000000000e+00 0.000000000000000000e+00
9.389071380620789276e-01 -3.441705770342321502e-01 0.000000000000000000e+00 -3.026698600000000017e+00 3.441705770342321502e-01 9.389071380620789276e-01 0.000000000000000000e+00 7.015751700000000431e-03 0.000000000000000000e+00 0.000000000000000000e+00 1.000000000000000000e+00 0.000000000000000000e+00
8.675034510279555633e-01 -4.974311635337975157e-01 0.000000000000000000e+00 -3.310632700000000206e+00 4.974311635337975157e-01 8.675034510279555633e-01 0.000000000000000000e+00 -2.747394000000000225e-01 0.000000000000000000e+00 0.000000000000000000e+00 1.000000000000000000e+00 0.000000000000000000e+00
7.723020927587146423e-01 -6.352554427319058172e-01 0.000000000000000000e+00 -3.756474700000000055e+00 6.352554427319058172e-01 7.723020927587146423e-01 0.000000000000000000e+00 -4.145232400000000150e-01 0.000000000000000000e+00 0.000000000000000000e+00 1.000000000000000000e+00 0.000000000000000000e+00
7.636657011661356353e-01 -6.456118778820866266e-01 0.000000000000000000e+00 -4.154836699999999716e+00 6.456118778820866266e-01 7.636657011661356353e-01 0.000000000000000000e+00 -5.884426999999999852e-01 0.000000000000000000e+00 0.000000000000000000e+00 1.000000000000000000e+00 0.000000000000000000e+00
7.473549982511104028e-01 -6.644249442857205201e-01 0.000000000000000000e+00 -4.613052999999999848e+00 6.644249442857205201e-01 7.473549982511104028e-01 0.000000000000000000e+00 -9.212529699999999488e-01 0.000000000000000000e+00 0.000000000000000000e+00 1.000000000000000000e+00 0.000000000000000000e+00
-7.582608629037765891e-01 6.519512740906486803e-01 0.000000000000000000e+00 -4.471783600000000192e+00 -6.519512740906486803e-01 -7.582608629037765891e-01 0.000000000000000000e+00 -8.330071000000000003e-01 0.000000000000000000e+00 0.000000000000000000e+00 1.000000000000000000e+00 0.000000000000000000e+00
6.326238498226388618e-01 -7.744592078577046124e-01 0.000000000000000000e+00 -4.931670699999999741e+00 7.744592078577046124e-01 6.326238498226388618e-01 0.000000000000000000e+00 -1.406592099999999901e+00 0.000000000000000000e+00 0.000000000000000000e+00 1.000000000000000000e+00 0.000000000000000000e+00
4.752208508217942162e-01 -8.798665483720868874e-01 0.000000000000000000e+00 -5.155434999999999768e+00 8.798665483720868874e-01 4.752208508217942162e-01 0.000000000000000000e+00 -1.788116700000000003e+00 0.000000000000000000e+00 0.000000000000000000e+00 1.000000000000000000e+00 0.000000000000000000e+00
3.816705733738680606e-01 -9.242984222752210766e-01 0.000000000000000000e+00 -5.507856999999999559e+00 9.242984222752210766e-01 3.816705733738680606e-01 0.000000000000000000e+00 -2.223477599999999832e+00 0.000000000000000000e+00 0.000000000000000000e+00 1.000000000000000000e+00 0.000000000000000000e+00
2.751810516300878251e-01 -9.613924218672409427e-01 0.000000000000000000e+00 -5.792837600000000364e+00 9.613924218672409427e-01 2.751810516300878251e-01 0.000000000000000000e+00 -2.686498199999999947e+00 0.000000000000000000e+00 0.000000000000000000e+00 1.000000000000000000e+00 0.000000000000000000e+00
2.120078127450930883e-01 -9.772679710985321400e-01 0.000000000000000000e+00 -5.845843999999999596e+00 9.772679710985321400e-01 2.120078127450930883e-01 0.000000000000000000e+00 -3.171239599999999825e+00 0.000000000000000000e+00 0.000000000000000000e+00 1.000000000000000000e+00 0.000000000000000000e+00
1.806129549267101730e-01 -9.835542488915607340e-01 0.000000000000000000e+00 -5.887318999999999747e+00 9.835542488915607340e-01 1.806129549267101730e-01 0.000000000000000000e+00 -3.554956699999999969e+00 0.000000000000000000e+00 0.000000000000000000e+00 1.000000000000000000e+00 0.000000000000000000e+00
5.440554406716512775e-02 -9.985189215907507299e-01 0.000000000000000000e+00 -6.198839699999999731e+00 9.985189215907507299e-01 5.440554406716512775e-02 0.000000000000000000e+00 -4.066114999999999924e+00 0.000000000000000000e+00 0.000000000000000000e+00 1.000000000000000000e+00 0.000000000000000000e+00
-7.444973207351987532e-02 -9.972247677400422061e-01 0.000000000000000000e+00 -6.178417699999999790e+00 9.972247677400422061e-01 -7.444973207351987532e-02 0.000000000000000000e+00 -4.538859000000000421e+00 0.000000000000000000e+00 0.000000000000000000e+00 1.000000000000000000e+00 0.000000000000000000e+00
-1.039720370635178054e-01 -9.945802207508765980e-01 0.000000000000000000e+00 -6.170816000000000301e+00 9.945802207508765980e-01 -1.039720370635178054e-01 0.000000000000000000e+00 -5.114935400000000243e+00 0.000000000000000000e+00 0.000000000000000000e+00 1.000000000000000000e+00 0.000000000000000000e+00
-1.890064688175526753e-01 -9.819758422411009047e-01 0.000000000000000000e+00 -6.214679199999999959e+00 9.819758422411009047e-01 -1.890064688175526753e-01 0.000000000000000000e+00 -5.560925000000000118e+00 0.000000000000000000e+00 0.000000000000000000e+00 1.000000000000000000e+00 0.000000000000000000e+00
-1.626373254307261762e-01 -9.866859177959013127e-01 0.000000000000000000e+00 -6.051794499999999744e+00 9.866859177959013127e-01 -1.626373254307261762e-01 0.000000000000000000e+00 -6.002347499999999947e+00 0.000000000000000000e+00 0.000000000000000000e+00 1.000000000000000000e+00 0.000000000000000000e+00
-3.560374014901547812e-01 -9.344717056926541421e-01 0.000000000000000000e+00 -6.025536999999999921e+00 9.344717056926541421e-01 -3.560374014901547812e-01 0.000000000000000000e+00 -6.465028300000000172e+00 0.000000000000000000e+00 0.000000000000000000e+00 1.000000000000000000e+00 0.000000000000000000e+00
-4.065724357601819827e-01 -9.136185497679174539e-01 0.000000000000000000e+00 -6.052095399999999792e+00 9.136185497679174539e-01 -4.065724357601819827e-01 0.000000000000000000e+00 -6.753173999999999566e+00 0.000000000000000000e+00 0.000000000000000000e+00 1.000000000000000000e+00 0.000000000000000000e+00
-5.061903777183367481e-01 -8.624217654404181532e-01 0.000000000000000000e+00 -5.805469500000000060e+00 8.624217654404181532e-01 -5.061903777183367481e-01 0.000000000000000000e+00 -7.064410699999999821e+00 0.000000000000000000e+00 0.000000000000000000e+00 1.000000000000000000e+00 0.000000000000000000e+00
-5.908201296753999854e-01 -8.068033058746992836e-01 0.000000000000000000e+00 -5.728152299999999641e+00 8.068033058746992836e-01 -5.908201296753999854e-01 0.000000000000000000e+00 -7.598215999999999859e+00 0.000000000000000000e+00 0.000000000000000000e+00 1.000000000000000000e+00 0.000000000000000000e+00
-6.886673335542842223e-01 -7.250774466877536462e-01 0.000000000000000000e+00 -5.407440000000000246e+00 7.250774466877536462e-01 -6.886673335542842223e-01 0.000000000000000000e+00 -8.072459000000000273e+00 0.000000000000000000e+00 0.000000000000000000e+00 1.000000000000000000e+00 0.000000000000000000e+00
-7.504733320355361226e-01 -6.609007322612677759e-01 0.000000000000000000e+00 -5.093860600000000183e+00 6.609007322612677759e-01 -7.504733320355361226e-01 0.000000000000000000e+00 -8.288918000000000674e+00 0.000000000000000000e+00 0.000000000000000000e+00 1.000000000000000000e+00 0.000000000000000000e+00
-9.521380314472137618e-01 -3.056683972409064420e-01 0.000000000000000000e+00 -4.684320999999999735e+00 3.056683972409064420e-01 -9.521380314472137618e-01 0.000000000000000000e+00 -8.620908999999999267e+00 0.000000000000000000e+00 0.000000000000000000e+00 1.000000000000000000e+00 0.000000000000000000e+00
-9.787004620851040837e-01 -2.052934619377921321e-01 0.000000000000000000e+00 -4.332795599999999858e+00 2.052934619377921321e-01 -9.787004620851040837e-01 0.000000000000000000e+00 -8.763040000000000163e+00 0.000000000000000000e+00 0.000000000000000000e+00 1.000000000000000000e+00 0.000000000000000000e+00
1.386192019443769630e-01 -9.903457562146181781e-01 0.000000000000000000e+00 -4.426369000000000220e+00 9.903457562146181781e-01 1.386192019443769630e-01 0.000000000000000000e+00 -8.657795000000000130e+00 0.000000000000000000e+00 0.000000000000000000e+00 1.000000000000000000e+00 0.000000000000000000e+00
-9.666631814918745791e-01 2.560513494360206477e-01 0.000000000000000000e+00 -4.044028299999999909e+00 -2.560513494360206477e-01 -9.666631814918745791e-01 0.000000000000000000e+00 -8.569929999999999382e+00 0.000000000000000000e+00 0.000000000000000000e+00 1.000000000000000000e+00 0.000000000000000000e+00
-8.345082321917868251e-01 5.509954722174573716e-01 0.000000000000000000e+00 -3.693030400000000046e+00 -5.509954722174573716e-01 -8.345082321917868251e-01 0.000000000000000000e+00 -8.494123999999999342e+00 0.000000000000000000e+00 0.000000000000000000e+00 1.000000000000000000e+00 0.000000000000000000e+00
-6.308624560314552987e-01 7.758946845867421560e-01 0.000000000000000000e+00 -3.286118500000000164e+00 -7.758946845867421560e-01 -6.308624560314552987e-01 0.000000000000000000e+00 -8.211639999999999162e+00 0.000000000000000000e+00 0.000000000000000000e+00 1.000000000000000000e+00 0.000000000000000000e+00
-3.032667328486937652e-01 9.529057082142382562e-01 0.000000000000000000e+00 -3.097065399999999968e+00 -9.529057082142382562e-01 -3.032667328486937652e-01 0.000000000000000000e+00 -7.766157599999999661e+00 0.000000000000000000e+00 0.000000000000000000e+00 1.000000000000000000e+00 0.000000000000000000e+00
-1.601968793613833472e-02 9.998716765657624794e-01 0.000000000000000000e+00 -3.187719299999999922e+00 -9.998716765657624794e-01 -1.601968793613833472e-02 0.000000000000000000e+00 -7.275665300000000002e+00 0.000000000000000000e+00 0.000000000000000000e+00 1.000000000000000000e+00 0.000000000000000000e+00
1.592542604047657573e-01 9.872376008555038274e-01 0.000000000000000000e+00 -3.216996700000000153e+00 -9.872376008555038274e-01 1.592542604047657573e-01 0.000000000000000000e+00 -6.639702299999999724e+00 0.000000000000000000e+00 0.000000000000000000e+00 1.000000000000000000e+00 0.000000000000000000e+00
3.934530028797103007e-01 9.193447310584527132e-01 0.000000000000000000e+00 -3.398134199999999883e+00 -9.193447310584527132e-01 3.934530028797103007e-01 0.000000000000000000e+00 -6.132928999999999853e+00 0.000000000000000000e+00 0.000000000000000000e+00 1.000000000000000000e+00 0.000000000000000000e+00
6.752348313241731681e-01 7.376028216910611723e-01 0.000000000000000000e+00 -3.719379700000000177e+00 -7.376028216910611723e-01 6.752348313241731681e-01 0.000000000000000000e+00 -5.974048999999999943e+00 0.000000000000000000e+00 0.000000000000000000e+00 1.000000000000000000e+00 0.000000000000000000e+00
8.882839664692523396e-01 4.592946711139290206e-01 0.000000000000000000e+00 -4.177793499999999938e+00 -4.592946711139290206e-01 8.882839664692523396e-01 0.000000000000000000e+00 -5.795315000000000438e+00 0.000000000000000000e+00 0.000000000000000000e+00 1.000000000000000000e+00 0.000000000000000000e+00
-9.944608922873001688e-01 -1.051072486137220180e-01 0.000000000000000000e+00 -4.597753499999999605e+00 1.051072486137220180e-01 -9.944608922873001688e-01 0.000000000000000000e+00 -5.597106000000000137e+00 0.000000000000000000e+00 0.000000000000000000e+00 1.000000000000000000e+00 0.000000000000000000e+00
-9.895018519516715072e-01 1.445201888464459072e-01 0.000000000000000000e+00 -5.287035499999999999e+00 -1.445201888464459072e-01 -9.895018519516715072e-01 0.000000000000000000e+00 -5.743031000000000219e+00 0.000000000000000000e+00 0.000000000000000000e+00 1.000000000000000000e+00 0.000000000000000000e+00
-8.768375553058539440e-01 4.807867527347789438e-01 0.000000000000000000e+00 -5.687820999999999572e+00 -4.807867527347789438e-01 -8.768375553058539440e-01 0.000000000000000000e+00 -5.989513999999999783e+00 0.000000000000000000e+00 0.000000000000000000e+00 1.000000000000000000e+00 0.000000000000000000e+00
-7.036533144293046771e-01 7.105434631974697490e-01 0.000000000000000000e+00 -6.190569400000000222e+00 -7.105434631974697490e-01 -7.036533144293046771e-01 0.000000000000000000e+00 -6.154104700000000427e+00 0.000000000000000000e+00 0.000000000000000000e+00 1.000000000000000000e+00 0.000000000000000000e+00
-4.714591060728945404e-01 8.818879244557934483e-01 0.000000000000000000e+00 -6.398033599999999765e+00 -8.818879244557934483e-01 -4.714591060728945404e-01 0.000000000000000000e+00 -6.482031000000000098e+00 0.000000000000000000e+00 0.000000000000000000e+00 1.000000000000000000e+00 0.000000000000000000e+00
-9.847859969997915797e-02 9.951391688608841601e-01 0.000000000000000000e+00 -6.581797599999999804e+00 -9.951391688608841601e-01 -9.847859969997915797e-02 0.000000000000000000e+00 -6.994086300000000200e+00 0.000000000000000000e+00 0.000000000000000000e+00 1.000000000000000000e+00 0.000000000000000000e+00
1.840955708862124229e-01 9.829083481078383366e-01 0.000000000000000000e+00 -6.674034999999999940e+00 -9.829083481078383366e-01 1.840955708862124229e-01 0.000000000000000000e+00 -7.376808600000000382e+00 0.000000000000000000e+00 0.000000000000000000e+00 1.000000000000000000e+00 0.000000000000000000e+00
6.817398193588349864e-01 7.315947093169707927e-01 0.000000000000000000e+00 -6.521105300000000327e+00 -7.315947093169707927e-01 6.817398193588349864e-01 0.000000000000000000e+00 -7.781441700000000239e+00 0.000000000000000000e+00 0.000000000000000000e+00 1.000000000000000000e+00 0.000000000000000000e+00
8.759764995345721283e-01 4.823537832993100571e-01 0.000000000000000000e+00 -6.284928999999999988e+00 -4.823537832993100571e-01 8.759764995345721283e-01 0.000000000000000000e+00 -8.115189000000000874e+00 0.000000000000000000e+00 0.000000000000000000e+00 1.000000000000000000e+00 0.000000000000000000e+00
9.555780464828662613e-01 2.947381839531301173e-01 0.000000000000000000e+00 -5.928666599999999676e+00 -2.947381839531301173e-01 9.555780464828662613e-01 0.000000000000000000e+00 -8.203022000000000702e+00 0.000000000000000000e+00 0.000000000000000000e+00 1.000000000000000000e+00 0.000000000000000000e+00
9.999997518148748821e-01 7.045354417149219664e-04 0.000000000000000000e+00 -5.949478000000000044e+00 -7.045354417149219664e-04 9.999997518148748821e-01 0.000000000000000000e+00 -8.199911999999999423e+00 0.000000000000000000e+00 0.000000000000000000e+00 1.000000000000000000e+00 0.000000000000000000e+00
9.997906463414393263e-01 2.046126799997827553e-02 0.000000000000000000e+00 -5.438460400000000305e+00 -2.046126799997827553e-02 9.997906463414393263e-01 0.000000000000000000e+00 -8.225519000000000247e+00 0.000000000000000000e+00 0.000000000000000000e+00 1.000000000000000000e+00 0.000000000000000000e+00
9.897667208733055277e-01 -1.426949131949138416e-01 0.000000000000000000e+00 -4.918242000000000225e+00 1.426949131949138416e-01 9.897667208733055277e-01 0.000000000000000000e+00 -8.291506999999999294e+00 0.000000000000000000e+00 0.000000000000000000e+00 1.000000000000000000e+00 0.000000000000000000e+00
9.559857354049041689e-01 -2.934131450742186731e-01 0.000000000000000000e+00 -4.408856400000000342e+00 2.934131450742186731e-01 9.559857354049041689e-01 0.000000000000000000e+00 -8.201563999999999410e+00 0.000000000000000000e+00 0.000000000000000000e+00 1.000000000000000000e+00 0.000000000000000000e+00
9.214410743508455459e-01 -3.885181417889769229e-01 0.000000000000000000e+00 -4.002862999999999616e+00 3.885181417889769229e-01 9.214410743508455459e-01 0.000000000000000000e+00 -8.109534000000000020e+00 0.000000000000000000e+00 0.000000000000000000e+00 1.000000000000000000e+00 0.000000000000000000e+00
8.534790384059064428e-01 -5.211271735399423122e-01 0.000000000000000000e+00 -3.470617499999999911e+00 5.211271735399423122e-01 8.534790384059064428e-01 0.000000000000000000e+00 -7.851551999999999865e+00 0.000000000000000000e+00 0.000000000000000000e+00 1.000000000000000000e+00 0.000000000000000000e+00
8.721601703700643249e-01 -4.892204382689467335e-01 0.000000000000000000e+00 -2.941762000000000210e+00 4.892204382689467335e-01 8.721601703700643249e-01 0.000000000000000000e+00 -7.501155400000000029e+00 0.000000000000000000e+00 0.000000000000000000e+00 1.000000000000000000e+00 0.000000000000000000e+00
8.398348001869136992e-01 -5.428420657935481008e-01 0.000000000000000000e+00 -2.360951200000000139e+00 5.428420657935481008e-01 8.398348001869136992e-01 0.000000000000000000e+00 -7.103905000000000136e+00 0.000000000000000000e+00 0.000000000000000000e+00 1.000000000000000000e+00 0.000000000000000000e+00
7.768353654055920599e-01 -6.297037518191870298e-01 0.000000000000000000e+00 -1.997044800000000064e+00 6.297037518191870298e-01 7.768353654055920599e-01 0.000000000000000000e+00 -6.863540600000000325e+00 0.000000000000000000e+00 0.000000000000000000e+00 1.000000000000000000e+00 0.000000000000000000e+00
6.390540774404324109e-01 -7.691618074935584470e-01 0.000000000000000000e+00 -1.578689999999999927e+00 7.691618074935584470e-01 6.390540774404324109e-01 0.000000000000000000e+00 -6.493514499999999856e+00 0.000000000000000000e+00 0.000000000000000000e+00 1.000000000000000000e+00 0.000000000000000000e+00
6.739108849310349036e-01 -7.388126414534806896e-01 0.000000000000000000e+00 -1.167042399999999924e+00 7.388126414534806896e-01 6.739108849310349036e-01 0.000000000000000000e+00 -6.023850999999999623e+00 0.000000000000000000e+00 0.000000000000000000e+00 1.000000000000000000e+00 0.000000000000000000e+00
7.390754150824371260e-01 -6.736226917353091981e-01 0.000000000000000000e+00 -9.060470999999999941e-01 6.736226917353091981e-01 7.390754150824371260e-01 0.000000000000000000e+00 -5.648437000000000374e+00 0.000000000000000000e+00 0.000000000000000000e+00 1.000000000000000000e+00 0.000000000000000000e+00
7.286533414434779310e-01 -6.848826965278465018e-01 0.000000000000000000e+00 -4.547283400000000086e-01 6.848826965278465018e-01 7.286533414434779310e-01 0.000000000000000000e+00 -5.311274499999999676e+00 0.000000000000000000e+00 0.000000000000000000e+00 1.000000000000000000e+00 0.000000000000000000e+00
6.208425269224575604e-01 -7.839353013894306832e-01 0.000000000000000000e+00 -1.605225799999999980e-01 7.839353013894306832e-01 6.208425269224575604e-01 0.000000000000000000e+00 -4.973186499999999732e+00 0.000000000000000000e+00 0.000000000000000000e+00 1.000000000000000000e+00 0.000000000000000000e+00
5.445876852453986894e-01 -8.387039126408428746e-01 0.000000000000000000e+00 2.582651400000000042e-01 8.387039126408428746e-01 5.445876852453986894e-01 0.000000000000000000e+00 -4.474131999999999998e+00 0.000000000000000000e+00 0.000000000000000000e+00 1.000000000000000000e+00 0.000000000000000000e+00
3.529016979332664783e-01 -9.356604039905811465e-01 0.000000000000000000e+00 6.986968000000000067e-01 9.356604039905811465e-01 3.529016979332664783e-01 0.000000000000000000e+00 -4.143036999999999637e+00 0.000000000000000000e+00 0.000000000000000000e+00 1.000000000000000000e+00 0.000000000000000000e+00
4.228199172629380498e-01 -9.062137262068822308e-01 0.000000000000000000e+00 8.542408000000000223e-01 9.062137262068822308e-01 4.228199172629380498e-01 0.000000000000000000e+00 -3.627615700000000221e+00 0.000000000000000000e+00 0.000000000000000000e+00 1.000000000000000000e+00 0.000000000000000000e+00
5.668538968296176206e-01 -8.238183414133708471e-01 0.000000000000000000e+00 1.056529199999999946e+00 8.238183414133708471e-01 5.668538968296176206e-01 0.000000000000000000e+00 -3.117132699999999979e+00 0.000000000000000000e+00 0.000000000000000000e+00 1.000000000000000000e+00 0.000000000000000000e+00
4.702391401339167110e-01 -8.825390365791841996e-01 0.000000000000000000e+00 1.432771699999999981e+00 8.825390365791841996e-01 4.702391401339167110e-01 0.000000000000000000e+00 -2.527990799999999982e+00 0.000000000000000000e+00 0.000000000000000000e+00 1.000000000000000000e+00 0.000000000000000000e+00
4.501394746291892401e-01 -8.929582595959104641e-01 0.000000000000000000e+00 1.451785899999999963e+00 8.929582595959104641e-01 4.501394746291892401e-01 0.000000000000000000e+00 -2.060057399999999816e+00 0.000000000000000000e+00 0.000000000000000000e+00 1.000000000000000000e+00 0.000000000000000000e+00
3.418257853974726590e-01 -9.397633385259296368e-01 0.000000000000000000e+00 1.501046000000000102e+00 9.397633385259296368e-01 3.418257853974726590e-01 0.000000000000000000e+00 -2.081375099999999811e+00 0.000000000000000000e+00 0.000000000000000000e+00 1.000000000000000000e+00 0.000000000000000000e+00
2.535995286005881533e-01 -9.673092985666784660e-01 0.000000000000000000e+00 1.590619900000000086e+00 9.673092985666784660e-01 2.535995286005881533e-01 0.000000000000000000e+00 -1.610311400000000059e+00 0.000000000000000000e+00 0.000000000000000000e+00 1.000000000000000000e+00 0.000000000000000000e+00
1.051571509115013792e-01 -9.944556167130716995e-01 0.000000000000000000e+00 1.467141900000000110e+00 9.944556167130716995e-01 1.051571509115013792e-01 0.000000000000000000e+00 -1.222819899999999960e+00 0.000000000000000000e+00 0.000000000000000000e+00 1.000000000000000000e+00 0.000000000000000000e+00
-7.475058423356835402e-02 -9.972022614077548086e-01 0.000000000000000000e+00 1.318108599999999964e+00 9.972022614077548086e-01 -7.475058423356835402e-02 0.000000000000000000e+00 -7.841475999999999447e-01 0.000000000000000000e+00 0.000000000000000000e+00 1.000000000000000000e+00 0.000000000000000000e+00
-2.744552696824293925e-01 -9.615998673791219531e-01 0.000000000000000000e+00 1.239705899999999916e+00 9.615998673791219531e-01 -2.744552696824293925e-01 0.000000000000000000e+00 -2.947893999999999792e-01 0.000000000000000000e+00 0.000000000000000000e+00 1.000000000000000000e+00 0.000000000000000000e+00
-4.309945625338775232e-01 -9.023545240459713845e-01 0.000000000000000000e+00 9.792375599999999514e-01 9.023545240459713845e-01 -4.309945625338775232e-01 0.000000000000000000e+00 -5.799010999999999749e-02 0.000000000000000000e+00 0.000000000000000000e+00 1.000000000000000000e+00 0.000000000000000000e+00
-5.608123766763234430e-01 -8.279429196307276362e-01 0.000000000000000000e+00 7.470358000000000276e-01 8.279429196307276362e-01 -5.608123766763234430e-01 0.000000000000000000e+00 2.223076999999999970e-01 0.000000000000000000e+00 0.000000000000000000e+00 1.000000000000000000e+00 0.000000000000000000e+00
-6.889177290159369527e-01 -7.248395426903282424e-01 0.000000000000000000e+00 5.600359400000000099e-01 7.248395426903282424e-01 -6.889177290159369527e-01 0.000000000000000000e+00 4.690168200000000009e-01 0.000000000000000000e+00 0.000000000000000000e+00 1.000000000000000000e+00 0.000000000000000000e+00
-8.025856933419118766e-01 -5.965368428210302554e-01 0.000000000000000000e+00 1.586137900000000045e-01 5.965368428210302554e-01 -8.025856933419118766e-01 0.000000000000000000e+00 6.935614300000000343e-01 0.000000000000000000e+00 0.000000000000000000e+00 1.000000000000000000e+00 0.000000000000000000e+00
-8.649818360669585537e-01 -5.018031718455288059e-01 0.000000000000000000e+00 -1.119223099999999971e-01 5.018031718455288059e-01 -8.649818360669585537e-01 0.000000000000000000e+00 9.223506500000000496e-01 0.000000000000000000e+00 0.000000000000000000e+00 1.000000000000000000e+00 0.000000000000000000e+00
9.251628307285395536e-01 3.795704633376466020e-01 0.000000000000000000e+00 -5.430201000000000056e-01 -3.795704633376466020e-01 9.251628307285395536e-01 0.000000000000000000e+00 1.121850400000000025e+00 0.000000000000000000e+00 0.000000000000000000e+00 1.000000000000000000e+00 0.000000000000000000e+00
9.567470823060363339e-01 2.909209866937869648e-01 0.000000000000000000e+00 -9.225046000000000079e-01 -2.909209866937869648e-01 9.567470823060363339e-01 0.000000000000000000e+00 1.187335500000000099e+00 0.000000000000000000e+00 0.000000000000000000e+00 1.000000000000000000e+00 0.000000000000000000e+00
9.749181949328993291e-01 2.225635037214710454e-01 0.000000000000000000e+00 -1.369396800000000081e+00 -2.225635037214710454e-01 9.749181949328993291e-01 0.000000000000000000e+00 1.269014700000000051e+00 0.000000000000000000e+00 0.000000000000000000e+00 1.000000000000000000e+00 0.000000000000000000e+00
9.970576477146659844e-01 7.665537902650439162e-02 0.000000000000000000e+00 -1.953481299999999976e+00 -7.665537902650439162e-02 9.970576477146659844e-01 0.000000000000000000e+00 1.321236800000000100e+00 0.000000000000000000e+00 0.000000000000000000e+00 1.000000000000000000e+00 0.000000000000000000e+00
9.819337867749455828e-01 -1.892248355523547809e-01 0.000000000000000000e+00 -2.197204800000000180e+00 1.892248355523547809e-01 9.819337867749455828e-01 0.000000000000000000e+00 1.224782299999999990e+00 0.000000000000000000e+00 0.000000000000000000e+00 1.000000000000000000e+00 0.000000000000000000e+00
9.464251470646271036e-01 -3.229232741746851376e-01 0.000000000000000000e+00 -2.546447300000000080e+00 3.229232741746851376e-01 9.464251470646271036e-01 0.000000000000000000e+00 1.101742299999999952e+00 0.000000000000000000e+00 0.000000000000000000e+00 1.000000000000000000e+00 0.000000000000000000e+00
8.674845828398951575e-01 -4.974640675818637892e-01 0.000000000000000000e+00 -2.992299299999999995e+00 4.974640675818637892e-01 8.674845828398951575e-01 0.000000000000000000e+00 7.352083299999999655e-01 0.000000000000000000e+00 0.000000000000000000e+00 1.000000000000000000e+00 0.000000000000000000e+00
8.268435850194401082e-01 -5.624319389154566196e-01 0.000000000000000000e+00 -3.505150299999999941e+00 5.624319389154566196e-01 8.268435850194401082e-01 0.000000000000000000e+00 4.282052000000000080e-01 0.000000000000000000e+00 0.000000000000000000e+00 1.000000000000000000e+00 0.000000000000000000e+00
7.635665261735157250e-01 -6.457291693173768943e-01 0.000000000000000000e+00 -3.743481399999999848e+00 6.457291693173768943e-01 7.635665261735157250e-01 0.000000000000000000e+00 3.255279999999999840e-01 0.000000000000000000e+00 0.000000000000000000e+00 1.000000000000000000e+00 0.000000000000000000e+00
-6.798541055935055644e-01 7.333473904689745693e-01 0.000000000000000000e+00 -4.006063000000000152e+00 -7.333473904689745693e-01 -6.798541055935055644e-01 0.000000000000000000e+00 -1.516562700000000097e-01 0.000000000000000000e+00 0.000000000000000000e+00 1.000000000000000000e+00 0.000000000000000000e+00
